City,Lat,Lng,Max Temp,Humidity,Cloudiness,Wind Speed,Country,Date
punta arenas,-53.15,-70.9167,53.11,66,100,20.83,CL,1647907311
lorengau,-2.0226,147.2712,84.36,69,74,4.0,PG,1647907311
new norfolk,-42.7826,147.0587,59.04,77,100,0.81,AU,1647907312
qaanaaq,77.484,-69.3632,-5.64,88,100,5.75,GL,1647907312
kapaa,22.0752,-159.319,80.28,65,72,1.99,US,1647907313
el cope,8.6167,-80.6,68.79,86,64,8.28,PA,1647907313
bur gabo,-24.7,44.75,65.77,83,1,6.02,MG,1647907314
ampanihy,-9.8,-139.0333,79.39,76,89,13.31,PF,1647907314
atuona,63.05,179.3167,28.89,90,100,14.76,RU,1647907314
beringovskiy,21.1167,70.1167,75.22,61,60,12.44,IN,1647907315
taolanaro,-23.1203,-134.9692,79.88,65,4,13.22,PF,1647907315
mangrol,-41.8697,-73.8203,52.23,79,68,9.37,CL,1647907316
rikitea,-29.9533,-71.3436,65.34,71,0,4.83,CL,1647907316
ancud,-28.4478,21.2561,74.35,52,18,9.51,ZA,1647907317
coquimbo,-30.1811,-50.2056,70.88,67,69,21.36,BR,1647907317
upington,60.1247,64.7758,11.82,94,93,8.81,RU,1647907318
cidreira,58.8053,-122.7002,27.16,87,100,4.03,CA,1647907318
zachagansk,41.1415,-73.3579,54.05,37,68,7.0,US,1647907294
uray,1.7427,98.7792,76.14,83,84,3.53,ID,1647907319
fort nelson,39.1834,-84.5333,61.38,43,70,3.98,US,1647907211
westport,39.0353,16.9819,42.66,67,25,8.08,IT,1647907319
sibolga,19.7297,-155.09,79.07,76,19,4.0,US,1647907118
hamilton,-34.4187,19.2345,67.8,89,3,9.46,ZA,1647907320
cutro,-37.6167,-73.65,56.35,89,57,12.95,CL,1647907320
hilo,21.85,111.9667,75.42,94,92,3.58,CN,1647907321
hermanus,73.5069,80.5464,1.45,96,100,12.97,RU,1647907321
lebu,60.5697,27.1979,36.68,92,4,6.26,FI,1647907046
yangjiang,-16.4833,-151.75,81.77,74,65,15.37,PF,1647907322
dikson,-54.8,-68.3,51.46,71,75,10.36,AR,1647907175
hamina,65.282,-126.8329,4.39,83,100,7.78,CA,1647907322
faanui,-34.5322,20.0403,65.97,94,1,6.62,ZA,1647907323
ushuaia,64.8945,-23.7142,35.44,94,100,18.54,IS,1647907323
norman wells,66.8333,70.8333,-13.65,100,85,4.79,RU,1647907323
bredasdorp,-33.65,115.3333,59.58,67,0,11.99,AU,1647907324
olafsvik,-21.2078,-159.775,86.05,70,100,18.41,CK,1647907324
yar-sale,-34.0033,24.7314,63.88,90,0,4.18,ZA,1647907325
nizhneyansk,46.4856,135.8833,21.67,82,95,11.36,RU,1647907325
busselton,-42.8794,147.3294,61.34,95,100,2.35,AU,1647907326
avarua,-38.0023,-57.5575,64.78,86,100,35.01,AR,1647907061
kruisfontein,29.5833,-9.5,53.2,82,91,3.09,MA,1647907326
vaitupu,-19.5314,-54.0439,72.01,89,72,5.75,BR,1647907327
vostok,59.3833,143.3,18.93,87,100,14.52,RU,1647907328
hobart,-24.7911,-50.0119,57.76,95,36,10.98,BR,1647907328
mar del plata,-25.1667,45.05,68.74,79,1,9.66,MG,1647907328
tiznit,-13.7,-76.2167,73.02,80,82,4.76,PE,1647907329
camapua,-20.2333,164.0167,80.37,76,87,10.8,NC,1647907330
okhotsk,-24.8667,113.6333,77.76,64,99,18.54,AU,1647907330
castro,27.9769,-114.0611,63.46,63,1,17.87,MX,1647907330
beloha,55.7435,-97.8558,29.79,89,100,11.59,CA,1647907331
bokspits,-27.1833,151.2667,76.17,50,0,7.23,AU,1647907331
pisco,-20.3297,-40.2925,70.95,90,79,23.0,BR,1647907227
poum,9.4427,-0.0099,88.32,40,99,5.17,GH,1647907332
carnarvon,-21.2,-175.2,81.59,78,97,14.7,TO,1647907332
guerrero negro,69.4541,-133.0374,-11.43,93,63,0.96,CA,1647907333
thompson,17.4924,44.1277,67.78,51,4,3.74,SA,1647907333
dalby,39.5994,-110.8107,47.12,47,71,20.2,US,1647907333
vila velha,53.2833,9.7167,43.03,54,5,5.75,DE,1647907334
yendi,22.2855,114.1577,73.92,94,99,11.99,HK,1647907330
vaini,40.2833,97.2,33.26,61,85,10.56,CN,1647907334
tuktoyaktuk,-33.9258,18.4232,65.46,82,0,14.97,ZA,1647907103
najran,60.1432,-45.2371,17.29,88,19,6.4,GL,1647907335
price,-12.7406,-60.1458,70.02,95,34,2.24,BR,1647907267
tostedt,-20.7333,139.5,85.77,42,2,3.44,AU,1647907336
victoria,-19.8,-174.35,82.17,78,100,13.85,TO,1647907336
yumen,-46.6,168.3333,64.17,71,13,2.73,NZ,1647907337
cape town,-21.3585,55.7679,76.55,90,89,10.16,RE,1647907337
nanortalik,-26.6481,15.1594,73.18,63,5,15.5,,1647907337
vilhena,-12.2333,136.7667,86.11,68,94,8.48,AU,1647907338
mount isa,62.456,-114.3525,18.05,87,100,15.99,CA,1647907253
pangai,16.5667,81.2,80.15,86,92,1.99,IN,1647907338
attawapiskat,42.8,93.45,39.79,31,48,7.92,CN,1647907339
bluff,40.5982,-124.1573,60.37,71,100,10.36,US,1647907339
saint-philippe,13.1007,2.3689,84.43,27,73,2.91,NE,1647907340
luderitz,71.6872,128.8694,-14.53,98,52,1.32,RU,1647907340
nhulunbuy,27.9659,-82.8001,76.41,52,0,15.01,US,1647907241
yellowknife,-21.6989,-57.8825,81.41,68,99,6.2,BR,1647907341
kaikalur,62.5833,6.1333,35.58,75,75,6.91,NO,1647907341
hami,-34.5833,150.8552,75.4,72,70,3.0,AU,1647907342
mahaicony,2.7739,27.616,65.23,95,100,3.02,CD,1647907342
fortuna,41.7075,-86.895,64.72,39,0,6.91,US,1647907207
say,57.79,-152.4072,36.72,69,2,17.94,US,1647907343
tiksi,-34.0527,23.3716,66.65,94,40,1.88,ZA,1647907343
clearwater,-46.1927,168.8643,72.68,51,46,5.91,NZ,1647907343
porto murtinho,0.8,127.4,81.23,78,98,6.04,ID,1647907344
roald,42.6001,-73.9662,44.64,44,59,3.0,US,1647907126
flinders,38.8876,-76.5119,60.26,49,0,6.91,US,1647907344
isiro,35.3029,37.1841,38.59,79,95,3.78,SY,1647907345
michigan city,14.8961,-24.4956,69.91,74,15,11.45,CV,1647907345
kodiak,-22.116,14.2845,69.93,85,54,4.81,,1647907346
plettenberg bay,-20.4081,57.7,78.26,84,25,7.02,MU,1647907346
mataura,-39.0333,-67.5833,68.63,39,38,18.3,AR,1647907346
ternate,-35.3333,-72.4167,56.23,84,2,13.78,CL,1647907347
albany,-0.7393,-90.3518,80.55,89,61,5.99,EC,1647907347
mayo,22.6467,-83.3697,76.32,72,46,7.49,CU,1647907348
abu samrah,30.4833,-115.95,62.04,69,37,10.65,MX,1647907348
sao filipe,59.7035,30.7861,33.73,91,0,6.67,RU,1647907349
henties bay,72.7868,-56.1549,-18.65,65,93,5.61,GL,1647907349
mahebourg,39.8161,109.9776,33.37,50,100,5.7,CN,1647907350
general roca,58.67,52.1932,15.64,99,94,4.47,RU,1647907350
constitucion,45.2727,-66.0677,36.18,69,85,12.95,CA,1647907273
puerto ayora,5.3505,48.5268,77.29,77,27,7.9,SO,1647907351
kachikau,-33.5906,26.891,70.2,87,0,11.18,ZA,1647907351
san diego de los banos,-22.9661,-42.0278,75.31,66,100,13.11,BR,1647907351
san quintin,-33.918,25.5701,69.31,99,1,1.01,ZA,1647907352
nikolskoye,28.2211,61.2158,57.42,24,0,2.59,IR,1647907352
upernavik,-45.8667,-67.5,71.46,33,0,21.85,AR,1647907176
dongsheng,20.5022,-10.0711,73.92,13,0,7.65,MR,1647907353
omutninsk,10.346,107.0843,80.38,82,81,10.16,VN,1647907353
saint john,29.0331,21.5482,50.77,62,5,12.37,LY,1647907354
hobyo,64.75,177.4833,26.01,86,20,26.84,RU,1647907354
port alfred,39.8885,4.2658,54.16,66,75,14.97,ES,1647907355
arraial do cabo,49.2167,143.1167,26.04,64,3,16.13,RU,1647907165
port elizabeth,67.667,12.6934,42.06,92,91,17.56,NO,1647907355
burica,-34.6667,-54.9167,65.23,61,32,17.07,UY,1647907356
khash,30.3586,50.7981,64.18,33,88,3.76,IR,1647907356
comodoro rivadavia,18.3851,42.4509,59.23,56,0,5.68,SA,1647907356
adrar,70.4692,-68.5914,-10.97,84,100,2.3,CA,1647907357
vung tau,42.097,-79.2353,43.72,77,81,6.11,US,1647907194
jalu,-6.6447,-51.995,72.23,97,99,0.22,BR,1647907357
anadyr,27.2167,77.4833,73.94,18,0,4.45,IN,1647907358
mao,48.0056,91.6419,20.05,38,79,4.81,MN,1647907358
poronaysk,-40.8135,-62.9967,59.23,61,57,19.08,AR,1647907359
sorland,-20.5167,57.5167,78.75,89,35,7.4,MU,1647907359
maldonado,64.2539,-15.2082,44.2,99,100,4.68,IS,1647907272
do gonbadan,46.6166,10.7002,33.01,66,4,1.01,IT,1647907350
faya,-18.6667,-66.0167,40.19,75,99,5.1,BO,1647907360
clyde river,45.6796,-111.0386,38.7,50,46,5.99,US,1647907109
jamestown,48.5501,-71.3324,26.89,83,100,13.58,CA,1647907361
sao felix do xingu,9.3592,-79.9014,77.86,82,39,13.13,PA,1647907361
bharatpur,-5.1783,-40.6775,75.96,79,85,2.46,BR,1647907071
hovd,33.7333,135.9833,47.34,94,100,5.59,JP,1647907362
viedma,-9.0122,-35.2225,77.63,87,99,7.49,BR,1647907362
souillac,-21.3393,55.4781,76.42,91,100,11.5,RE,1647907211
hofn,-46.2817,169.8464,63.36,80,95,13.67,NZ,1647907362
lasa,68.6073,31.7962,33.93,69,70,17.67,RU,1647907363
colquechaca,11.1373,123.7228,81.48,79,95,9.19,PH,1647907363
bozeman,-19.9842,57.6142,78.48,89,57,12.06,MU,1647907364
sorvag,10.9995,122.6711,81.81,76,73,7.78,PH,1647907364
saint-ambroise,40.9327,-74.0179,56.73,34,57,3.0,US,1647907247
colon,6.8833,73.1,81.93,69,42,13.53,MV,1647907365
crateus,-21.6403,-41.0511,72.86,81,100,15.64,BR,1647907151
shingu,50.6789,156.125,28.54,65,100,23.53,RU,1647907365
maragogi,28.7086,-81.2081,69.76,68,8,1.01,US,1647907112
saint-pierre,1.3292,172.9752,80.73,74,95,16.26,KI,1647907366
kaitangata,39.7042,119.1506,38.66,46,17,2.57,CN,1647907366
mys shmidta,-16.7,-151.0167,81.39,74,22,14.12,PF,1647907367
verkhnetulomskiy,26.6471,85.8008,71.94,32,46,6.08,NP,1647907367
sulangan,17.7704,102.1895,76.3,85,86,4.68,TH,1647907368
cap malheureux,36.4333,139.2833,40.44,96,100,3.67,JP,1647907368
dingle,41.3712,-73.414,52.32,47,70,1.01,US,1647907368
new milford,-34.4833,-54.3333,63.64,64,15,15.84,UY,1647907369
dhidhdhoo,57.0531,-135.33,40.03,97,100,6.24,US,1647907369
sao joao da barra,-26.1898,152.665,77.18,57,1,2.48,AU,1647907085
severo-kurilsk,41.1501,-82.5499,53.74,65,49,0.96,US,1647907370
seminole,17.0151,54.0924,71.28,35,27,3.67,OM,1647907370
bairiki,78.2186,15.6401,21.04,68,75,27.63,SJ,1647907125
changli,-17.8,-63.1667,82.45,61,75,9.22,BO,1647907078
fare,71.9667,102.5,-15.41,99,100,5.91,RU,1647907371
jaleswar,-31.5889,28.7844,59.61,97,3,1.21,ZA,1647907371
nam som,-33.0153,27.9116,70.21,86,7,9.44,ZA,1647907233
omama,69.3833,178.4167,14.22,83,100,8.68,RU,1647907372
bethel,68.0546,166.4372,20.1,84,100,3.98,RU,1647907373
rocha,-16.5167,-151.75,81.79,74,64,15.43,PF,1647907373
sitka,47.6666,-52.7314,38.62,99,75,17.27,CA,1647907227
gympie,1.0,-52.0,70.38,99,100,1.61,BR,1647907374
huron,15.1718,44.3244,58.96,58,24,2.98,YE,1647907374
salalah,38.0494,-122.1586,73.94,39,0,11.5,US,1647907375
longyearbyen,65.5833,-171.0,8.62,85,73,3.83,RU,1647907375
santa cruz,56.4088,103.1106,7.12,99,100,4.09,RU,1647907375
khatanga,18.7369,7.3853,77.09,8,4,9.66,NE,1647907376
umtata,63.4427,-20.2734,45.3,90,100,18.97,IS,1647907376
east london,45.0205,-93.218,54.77,59,0,16.11,US,1647907377
leningradskiy,-0.583,117.095,75.85,95,100,3.04,ID,1647907377
bilibino,34.0372,-4.9998,50.25,93,0,5.75,MA,1647907141
vaitape,53.5237,-2.4935,46.15,65,31,3.0,GB,1647907378
torbay,52.4675,96.11,-3.19,100,96,1.34,RU,1647907378
illoqqortoormiut,-0.9492,100.3543,75.25,79,80,3.49,ID,1647907379
amapa,68.5333,146.4167,6.98,93,100,7.2,RU,1647907379
sayyan,-8.9266,125.4092,69.22,65,96,0.65,TL,1647907380
benicia,-33.0117,17.9442,64.71,91,3,10.87,ZA,1647907380
lavrentiya,4.1363,96.1285,75.43,88,99,4.81,ID,1647907380
vidim,7.6244,-11.8332,76.3,86,82,5.26,SL,1647907381
arlit,7.5333,-80.0333,78.06,69,95,18.52,PA,1647907381
vestmannaeyjar,51.4579,41.9764,23.16,93,17,6.35,RU,1647907382
saint anthony,48.6,133.8167,18.46,87,30,10.51,RU,1647907382
loa janan,58.6978,81.4825,15.15,95,100,7.18,RU,1647907336
fez,9.9658,98.6348,77.45,88,100,3.6,TH,1647907383
atherton,-38.2667,141.9667,60.28,90,97,2.64,AU,1647907383
toora-khem,-20.9373,55.2919,77.77,75,48,3.29,RE,1647907384
padang,8.4054,48.4845,68.47,83,2,7.4,SO,1647907384
belaya gora,-16.9167,145.7667,86.09,69,11,10.36,AU,1647907348
barentsburg,64.5011,-165.4064,14.16,59,15,0.85,US,1647907385
airai,-31.6333,-60.7,69.91,83,11,5.77,AR,1647907385
saldanha,-24.7859,-65.4117,64.58,84,100,4.0,AR,1647907385
meulaboh,68.0531,39.5131,28.76,75,57,28.97,RU,1647907386
pousat,71.9167,114.0833,0.3,97,100,3.62,RU,1647907386
mattru,2.7858,24.73,70.74,94,100,1.7,CD,1647907387
pedasi,49.6925,83.2892,19.26,96,100,4.23,KZ,1647907387
gribanovskiy,61.994,-49.6678,2.84,84,33,6.17,GL,1647907387
smidovich,66.0449,-17.3389,32.2,82,100,1.79,IS,1647907388
parabel,64.3833,-173.3,19.51,68,0,4.47,RU,1647907388
ranong,-15.1961,12.1522,74.03,79,100,7.11,AO,1647907389
codrington,54.3775,60.0047,21.24,85,80,11.1,RU,1647907389
le port,-7.7958,-35.5872,73.76,89,100,6.11,BR,1647907390
garowe,45.35,25.55,31.33,78,30,7.47,RO,1647907390
cairns,53.4497,89.5272,5.23,99,96,1.61,RU,1647907390
nome,62.6683,131.1683,0.25,85,25,7.94,RU,1647907391
santa fe,-3.9014,-38.3911,82.18,85,64,7.56,BR,1647907391
salta,23.2667,68.8333,71.67,70,2,10.71,IN,1647907392
ostrovnoy,31.4165,31.8133,52.48,71,76,12.03,EG,1647907392
saskylakh,21.2833,-89.6667,89.11,70,3,18.86,MX,1647907392
buta,-3.8004,102.2655,75.7,85,91,4.54,ID,1647907393
serebryansk,-38.3833,142.4833,63.81,87,99,2.44,AU,1647907393
paamiut,5.4112,100.3354,77.02,87,20,3.44,MY,1647907132
husavik,16.45,-85.85,80.56,76,6,21.81,HN,1647907394
provideniya,27.4327,120.6062,52.84,87,100,17.65,CN,1647907394
namibe,23.6233,90.5011,78.82,79,46,5.19,BD,1647907395
uyskoye,22.8909,-109.9124,74.8,60,57,1.99,MX,1647907093
bom jardim,58.753,17.0079,32.29,80,0,2.3,SE,1647907395
sinaia,7.9803,49.8164,74.41,83,6,4.14,SO,1647907396
biskamzha,-22.2763,166.4572,82.99,99,92,7.67,NC,1647907397
borogontsy,-33.6971,-53.4616,66.51,64,27,14.92,UY,1647907397
aquiraz,-8.8368,13.2343,78.69,85,100,7.02,AO,1647907397
naliya,11.1,-2.1,88.2,35,90,5.93,BF,1647907398
damietta,13.5167,35.7667,82.22,10,3,10.56,SD,1647907398
progreso,-16.3989,-71.535,60.73,69,97,4.18,PE,1647907223
bengkulu,-4.2365,142.8448,85.96,62,100,0.4,PG,1647907399
warrnambool,71.2906,-156.7887,-7.58,71,0,5.75,US,1647907399
georgetown,28.0167,-105.2833,69.03,11,34,33.26,MX,1647907400
savannah bight,-3.5403,118.9707,78.17,85,100,3.42,ID,1647907400
jinxiang,60.3964,-1.353,41.52,85,9,10.18,GB,1647907401
narayanganj,55.6795,11.0886,36.12,75,5,10.58,DK,1647907401
zhanatas,38.5167,-28.7,57.31,67,100,21.23,PT,1647907402
cabo san lucas,35.5729,53.3971,53.67,39,70,2.01,IR,1647907402
nykoping,52.4503,64.6311,22.48,96,100,4.72,KZ,1647907402
tsihombe,54.5163,-128.6035,41.29,100,100,0.16,CA,1647907403
andevoranto,57.8406,108.3492,20.59,95,100,7.49,RU,1647907403
eyl,5.9485,80.5353,77.88,90,42,8.93,LK,1647907404
noumea,34.2257,-77.9447,57.02,51,1,1.99,US,1647907057
chuy,65.85,74.4859,-17.93,100,72,3.2,RU,1647907404
luanda,20.8947,-156.47,81.84,76,15,4.0,US,1647907276
leo,-9.4333,159.95,86.81,64,85,4.5,SB,1647907194
ust-kamchatsk,5.8231,116.0466,76.91,94,20,3.44,MY,1647907405
doka,33.0833,-16.3333,58.42,77,20,9.22,PT,1647907405
arequipa,50.1001,-91.917,32.0,74,89,12.24,CA,1647907406
ambunti,0.5333,72.9333,83.84,71,57,16.55,MV,1647907406
barrow,-0.6,73.0833,83.5,75,76,15.84,MV,1647907407
saucillo,-15.7167,46.3167,78.82,94,20,4.61,MG,1647907407
majene,-10.6167,150.6667,86.16,67,27,10.4,PG,1647907408
ngukurr,12.5333,-13.1333,85.01,16,2,4.45,GN,1647907408
brae,62.2266,-6.589,43.72,87,56,18.59,FO,1647907408
kalundborg,26.0023,63.044,72.5,55,0,3.0,PK,1647907409
ribeira grande,9.4087,122.64,82.18,74,99,5.1,PH,1647907409
semnan,-21.45,-65.7167,60.69,62,85,17.6,BO,1647907410
kushmurun,-8.103,156.8419,85.1,67,84,5.21,SB,1647907410
terrace,-16.4611,-49.9617,72.25,74,57,2.53,BR,1647907411
alekseyevsk,35.7333,140.8333,39.6,82,100,1.52,JP,1647907411
matara,61.3614,63.5842,11.21,95,93,6.26,RU,1647907411
wilmington,59.6425,-151.5483,39.07,56,0,5.75,US,1647907213
pangody,66.9395,-53.6735,-6.56,73,7,4.92,GL,1647907412
kahului,46.5389,138.3297,29.66,54,36,10.04,RU,1647907412
honiara,9.75,-63.1767,74.91,71,65,9.35,VE,1647907413
kinarut,27.8964,102.2634,51.04,76,3,1.43,CN,1647907413
camacha,44.5875,-1.0519,50.05,71,0,5.75,FR,1647907414
sioux lookout,63.1792,14.6357,36.05,51,14,9.22,SE,1647907241
thinadhoo,-28.7667,114.6,66.61,72,2,11.5,AU,1647907414
barawe,12.1791,125.5072,80.42,86,100,6.76,PH,1647907415
hithadhoo,27.9833,94.6667,59.77,91,42,3.44,IN,1647907415
mahajanga,-34.7333,135.8667,67.41,75,100,11.9,AU,1647907415
samarai,25.3616,69.7362,70.05,56,0,11.32,PK,1647907416
youkounkoun,-33.8679,151.2073,73.9,72,0,8.05,AU,1647906664
klaksvik,-0.6136,-47.3561,76.89,87,100,3.4,BR,1647907416
turbat,63.7506,-68.5145,-2.31,84,82,3.0,CA,1647907417
basay,49.5833,0.3333,55.17,62,0,6.91,FR,1647907417
tupiza,66.0,111.5,-2.0,100,100,4.41,RU,1647907418
gizo,50.4668,-104.4178,40.62,52,55,15.55,CA,1647907418
tidore,9.4942,50.8122,75.02,80,17,1.25,SO,1647907419
anicuns,17.4167,-93.3,76.33,85,27,3.42,MX,1647907419
hasaki,65.6145,-37.6368,8.76,56,0,4.56,GL,1647907420
sovetskiy,61.0998,72.6035,19.22,95,100,13.91,RU,1647907420
homer,36.521,46.2089,42.42,80,100,3.31,IR,1647907420
sisimiut,-4.0692,-78.9567,68.38,98,99,0.98,EC,1647907421
svetlaya,-13.1256,38.9997,66.79,96,50,6.26,MZ,1647907421
maturin,10.3333,98.8333,71.42,96,94,0.87,TH,1647907422
xichang,39.9683,-3.931,55.92,68,100,18.86,ES,1647907422
arcachon,5.5577,95.3222,78.93,75,96,10.51,ID,1647907422
ostersund,70.6333,147.9167,4.69,89,100,16.15,RU,1647907423
geraldton,40.5719,9.6922,35.15,68,1,3.15,IT,1647907423
san policarpo,68.75,161.3,25.56,90,99,12.24,RU,1647907424
basar,14.7308,0.9174,84.2,11,44,11.68,NE,1647907425
port lincoln,-19.5836,-65.7531,43.5,84,100,5.46,BO,1647907425
umarkot,70.9963,24.6622,35.83,71,100,42.1,NO,1647907426
sydney,6.4965,2.6036,82.51,78,100,9.15,BJ,1647907426
salinopolis,-14.8796,47.9875,72.37,94,59,3.58,MG,1647907426
iqaluit,69.2167,-51.1,-2.18,50,11,1.14,GL,1647907427
havre,20.8667,-90.4,82.62,65,0,16.84,MX,1647907427
aykhal,49.6835,-83.6665,16.38,94,18,3.06,CA,1647907428
lolua,55.9594,92.3619,17.74,93,91,5.37,RU,1647907428
sentyabrskiy,27.9378,-82.2859,73.83,65,0,8.05,US,1647907429
pilot butte,58.3758,58.3211,11.39,98,55,4.54,RU,1647907429
bandarbeyla,58.5167,125.5167,16.56,95,100,15.57,RU,1647907430
ostuacan,-13.8745,-171.5986,85.78,78,82,18.03,WS,1647907430
tasiilaq,-28.783,32.0377,66.87,77,88,4.99,ZA,1647907431
nefteyugansk,31.4583,131.2333,50.76,88,100,14.29,JP,1647907431
bukan,-17.7333,-149.15,80.46,77,25,11.36,PF,1647907287
zamora,58.9,34.5333,32.07,81,1,7.72,RU,1647907432
montepuez,38.421,-121.4238,79.77,27,0,18.41,US,1647907432
chumphon,-20.3428,57.7575,78.22,84,28,6.8,MU,1647907432
magan,42.2506,-75.833,45.57,55,0,4.0,US,1647907433
banda aceh,60.9167,-46.05,16.02,70,1,7.49,GL,1647907433
chokurdakh,47.1821,8.4636,39.61,62,0,4.45,CH,1647907434
siniscola,-9.66,-37.7894,78.21,73,48,10.16,BR,1647907434
kadykchan,69.4865,88.3972,-11.79,94,52,0.87,RU,1647907434
amderma,-38.3739,-60.2798,59.47,65,100,12.37,AR,1647907435
cherskiy,21.3333,95.1,84.0,44,86,9.24,MM,1647907435
ayorou,36.3703,30.2869,45.73,51,37,6.73,TR,1647907436
potosi,70.8578,29.0864,32.59,78,77,46.55,NO,1647907436
havoysund,-23.7,133.8833,81.95,24,0,0.0,AU,1647907159
porto novo,-4.1078,-81.0475,78.89,69,80,11.5,PE,1647907437
antsohihy,47.8405,-83.4034,17.01,94,61,2.68,CA,1647907231
sotara,45.7625,106.2708,18.41,63,81,2.28,MN,1647907437
ilulissat,55.756,-4.8556,38.01,86,37,7.43,GB,1647907438
celestun,0.5412,123.0595,79.14,88,100,2.68,ID,1647907438
hearst,57.0538,54.9207,21.42,94,94,8.19,RU,1647907438
divnogorsk,4.25,103.4167,79.0,86,100,0.87,MY,1647907439
brandon,-2.5744,150.7967,84.2,70,99,5.41,PG,1647907439
gornozavodsk,40.8192,49.4687,39.36,66,100,10.09,AZ,1647907440
lebedinyy,3.0707,172.7902,79.99,81,42,15.84,KI,1647907440
lufilufi,32.65,-17.0667,60.08,74,100,8.39,PT,1647907440
richards bay,8.4833,78.1167,81.07,75,63,4.7,IN,1647907441
kushima,63.7553,121.6247,-0.09,100,100,2.57,RU,1647907441
tautira,-18.65,-173.9833,83.03,77,98,16.46,TO,1647907442
khvoynaya,-7.52,110.2264,75.04,85,100,2.01,ID,1647907149
laguna,-17.7125,-39.2481,76.05,88,8,10.67,BR,1647907442
bambous virieux,-9.7667,37.9333,68.14,99,100,3.18,TZ,1647907443
broome,27.2025,60.6848,70.2,26,0,1.66,IR,1647907443
narsaq,5.7336,102.4897,77.13,92,100,2.59,MY,1647907444
chama,-13.8483,136.4192,87.1,58,72,8.55,AU,1647907444
caninde de sao francisco,-25.2406,130.9889,85.53,19,2,6.2,AU,1647907445
talnakh,-10.0681,-78.1522,70.54,83,54,9.64,PE,1647907445
tres arroyos,70.3705,31.1107,33.15,74,68,39.48,NO,1647907445
pakokku,28.6585,-17.9182,56.12,77,0,6.91,ES,1647907446
kumluca,-16.8392,36.9856,68.25,93,32,3.96,MZ,1647907446
berlevag,-11.0964,-77.6139,70.09,84,83,7.43,PE,1647907447
alice springs,18.9048,-3.5265,74.55,12,2,10.85,ML,1647907447
mancora,37.8063,-0.8374,58.17,85,100,10.0,ES,1647907448
chapleau,-6.5745,106.6344,79.92,85,100,4.92,ID,1647907448
mandalgovi,28.017,-97.5169,75.06,82,99,24.14,US,1647907449
fairlie,58.3814,97.4531,14.58,98,100,4.38,RU,1647907449
gorontalo,31.5604,-91.4032,69.24,60,0,23.02,US,1647907449
yelovo,-14.2667,50.1667,75.09,88,8,9.28,MG,1647907450
cukai,-5.9475,29.1947,70.29,91,100,2.64,CD,1647907450
kavieng,32.3502,-85.1999,64.76,32,0,5.75,US,1647907451
suraabad,-12.5763,13.4055,79.68,82,100,4.32,AO,1647907232
butaritari,-6.1349,12.3689,76.23,89,100,6.73,AO,1647907451
ribeira brava,-5.8092,-61.3003,74.03,97,70,1.68,BR,1647907452
ye,26.1842,127.7558,74.91,94,100,17.27,JP,1647907452
tiruchchendur,34.6391,-120.4579,66.42,51,0,14.97,US,1647907453
vilyuysk,42.0304,-8.1588,45.7,77,59,2.75,PT,1647907453
neiafu,65.9939,57.5281,20.91,93,100,20.27,RU,1647907453
mertoyudan,12.0564,-61.7485,76.44,78,85,11.81,GD,1647907338
caravelas,51.3978,83.5598,15.91,89,100,4.9,RU,1647907454
liwale,57.5058,-1.7981,36.64,89,3,12.12,GB,1647907454
iranshahr,20.7,-105.2,76.23,57,20,6.91,MX,1647907455
grand river south east,66.4167,112.4,1.72,99,97,5.1,RU,1647907455
jertih,33.194,-82.5271,65.3,47,22,5.08,US,1647907456
alyangula,-31.95,141.4333,88.14,26,47,16.73,AU,1647907456
yulara,8.9936,-79.5197,81.39,67,95,7.07,PA,1647907457
huarmey,53.9202,102.0442,6.89,99,100,1.07,RU,1647907457
vardo,52.6844,62.5794,14.09,96,98,10.36,KZ,1647907457
los llanos de aridane,-5.1989,-35.4608,78.69,85,58,8.59,BR,1647907264
tasbuget,-6.8333,36.9833,69.58,98,92,1.41,TZ,1647907458
mocuba,50.7214,136.6319,22.51,63,22,7.87,RU,1647907458
hualmay,-7.3817,108.2082,73.8,84,99,2.62,ID,1647907459
araouane,21.3906,-158.1547,82.15,55,40,17.27,US,1647907459
san javier,-0.9131,122.8766,79.68,71,98,0.72,ID,1647907460
bolungarvik,27.1467,57.0801,71.87,56,1,3.91,IR,1647907460
leuwiliang,3.3803,-59.7968,82.15,61,100,12.24,GY,1647907460
san patricio,-27.4257,29.1659,51.8,85,83,0.67,ZA,1647907461
boguchany,56.5389,89.3011,12.56,95,100,6.67,RU,1647907461
natchez,18.217,-63.0578,77.83,72,1,16.02,AI,1647907462
sambava,45.5234,-122.6762,49.26,95,100,9.22,US,1647906642
kalemie,21.3469,-158.0858,80.42,60,40,17.27,US,1647907462
russell,12.3429,-83.6712,77.61,83,88,10.42,NI,1647907463
juifang,56.012,53.7067,20.05,93,23,9.89,RU,1647907463
benguela,-3.6667,152.4333,85.24,67,84,5.57,PG,1647907463
soyo,-19.0595,-169.9187,84.09,79,75,8.05,NU,1647907464
manicore,-27.1578,-48.5531,69.15,80,100,11.65,BR,1647907464
nishihara,64.1835,-51.7216,-5.53,87,28,6.26,GL,1647907292
lompoc,27.8,79.8,73.62,22,0,7.36,IN,1647907465
vila,36.5583,104.2081,40.57,54,100,10.96,CN,1647907465
usinsk,54.7682,-101.865,32.31,98,100,9.33,CA,1647907466
saint-georges,3.8653,-67.9239,74.41,95,75,0.34,CO,1647907466
charyshskoye,-15.4667,-69.4333,46.96,79,36,11.48,PE,1647907467
peterhead,17.1495,42.6254,78.93,70,11,3.89,SA,1647907467
ixtapa,50.7833,121.5167,11.75,86,84,3.74,CN,1647907468
udachnyy,19.0144,72.8479,80.58,57,40,3.44,IN,1647907220
avera,17.486,120.4348,86.02,76,46,4.18,PH,1647907468
broken hill,-31.4333,152.9167,76.89,54,4,2.64,AU,1647907468
belushya guba,51.226,-58.6502,30.09,97,100,19.42,CA,1647907469
panama city,53.0452,158.6483,30.79,47,20,20.13,RU,1647907265
zima,-36.8333,175.7,72.75,77,100,8.37,NZ,1647907469
tobol,-18.5067,-54.76,76.37,80,39,5.64,BR,1647907470
touros,39.05,-27.9833,56.66,63,100,25.5,PT,1647907470
kilosa,65.441,52.1498,28.76,88,100,10.51,RU,1647907471
solnechnyy,5.3833,-52.95,76.62,88,89,10.36,GF,1647907471
kawalu,-41.0667,145.9167,65.91,88,88,6.11,AU,1647907471
nanakuli,-5.95,34.1333,60.1,98,53,6.08,TZ,1647907472
biak,7.7669,-72.225,75.38,77,45,0.27,VE,1647907472
minab,14.2,24.6667,69.42,11,34,6.8,SD,1647907473
lethem,-31.5375,-68.5364,74.86,35,0,8.28,AR,1647907242
vrede,-19.55,169.2667,81.59,79,100,6.85,VU,1647907473
tyukhtet,69.7008,170.3133,25.38,73,100,19.33,RU,1647907474
the valley,37.7167,-25.4333,57.2,70,98,13.38,PT,1647907474
portland,14.6937,-17.4441,67.08,84,3,16.6,SN,1647907254
makakilo city,48.4967,30.9423,38.62,85,2,12.59,UA,1647907475
laguna de perlas,32.3754,15.0925,53.96,54,14,9.62,LY,1647907475
karakulino,48.9329,-125.5528,48.09,93,100,1.99,CA,1647907476
namatanai,63.1906,64.4162,-6.38,100,42,2.24,RU,1647907476
raozan,-46.1333,167.6833,70.81,50,40,1.32,NZ,1647907476
alofi,-23.865,35.3833,71.29,87,51,7.67,MZ,1647907477
porto belo,-3.7481,-73.2472,77.04,94,75,3.44,PE,1647907477
nuuk,-18.0607,13.84,70.36,77,87,3.44,,1647907478
kant,-27.0797,153.1586,79.02,64,2,5.37,AU,1647907478
baiyin,-14.7972,-57.2881,74.05,90,67,2.91,BR,1647907478
flin flon,38.4329,45.7749,30.18,93,100,3.76,IR,1647907479
inirida,58.1089,49.9161,18.99,97,44,6.26,RU,1647907479
putina,51.7102,143.2326,22.12,72,12,16.31,RU,1647907480
sabya,56.1681,92.6767,18.41,67,0,6.71,RU,1647907480
genhe,-6.2167,155.6333,85.66,66,100,4.72,PG,1647907481
bombay,26.2867,73.03,74.25,16,0,9.6,IN,1647907461
santa,64.8621,11.2373,39.25,74,0,6.06,NO,1647907388
port macquarie,37.1041,-113.5841,64.2,18,0,12.66,US,1647907481
saint-augustin,44.4709,22.444,37.9,53,7,3.49,RS,1647907486
petropavlovsk-kamchatskiy,31.3318,37.3428,53.15,65,95,12.68,SA,1647907486
whitianga,65.9811,60.3094,17.8,88,100,15.79,RU,1647907487
coxim,61.2767,108.0108,17.65,95,100,6.96,RU,1647907487
lagoa,25.5198,90.2201,68.7,58,39,3.47,IN,1647907488
ust-tsilma,-29.6206,-54.1789,68.94,62,0,14.65,BR,1647907488
sinnamary,25.8167,-103.85,78.6,5,43,34.36,MX,1647907488
burnie,60.7522,-137.5108,30.65,81,100,1.21,CA,1647907489
mgandu,-38.5473,-58.7368,58.68,85,100,17.2,AR,1647907205
san cristobal,67.4667,78.7,-18.8,100,40,1.66,RU,1647907489
kutum,60.4667,166.1,31.33,92,100,16.69,RU,1647907490
san juan,54.8383,-4.0491,43.83,76,38,8.79,GB,1647907490
isangel,41.0,20.0,39.7,53,19,6.87,AL,1647907491
pevek,46.2652,-96.6059,44.71,81,100,20.71,US,1647907491
vila franca do campo,11.472,49.8728,77.23,69,0,6.4,SO,1647907491
dakar,11.7833,75.4333,78.76,86,64,3.98,IN,1647907492
tyshkivka,66.27,33.0549,27.75,90,36,5.44,RU,1647907492
palabuhanratu,70.6333,23.6667,34.27,64,75,26.46,NO,1647907493
misratah,6.7989,81.4808,73.18,90,48,1.77,LK,1647907493
ucluelet,-17.8333,-149.2667,75.16,79,47,11.88,PF,1647907493
igrim,59.2353,163.0719,32.13,99,100,9.37,RU,1647907494
tuatapere,37.5683,126.9778,36.46,67,0,3.44,KR,1647907200
inhambane,-51.6226,-69.2181,56.17,60,53,9.73,AR,1647907494
iquitos,37.8667,139.1167,36.91,64,100,5.95,JP,1647907495
opuwo,5.2052,-4.4146,79.56,88,100,6.73,CI,1647907495
bongaree,60.1496,15.1878,26.4,80,0,3.29,SE,1647907496
nova olimpia,-24.4833,25.8833,64.96,59,4,3.91,BW,1647907496
marand,-27.31,31.892,62.47,86,76,1.92,SZ,1647907496
kamenskoye,22.7886,100.9748,62.11,93,59,2.66,CN,1647907497
kumeny,-10.1667,123.5833,80.49,83,54,1.83,ID,1647907497
katangli,-2.2717,40.902,77.22,86,19,9.86,KE,1647907498
yemelyanovo,26.4167,82.55,71.73,22,6,4.56,IN,1647907498
kieta,32.6881,128.8419,53.71,75,100,26.26,JP,1647907498
jodhpur,61.67,96.37,12.9,98,100,3.06,RU,1647907499
rorvik,-3.6954,128.1814,84.34,79,40,2.3,ID,1647907205
saint george,27.11,109.9956,44.83,92,100,3.83,CN,1647907499
samalaeulu,6.1241,81.1185,78.31,86,31,11.52,LK,1647907500
brza palanka,8.1222,-63.5497,84.45,48,98,16.98,VE,1647907239
qurayyat,55.9375,110.0997,17.55,94,100,1.05,RU,1647907500
verkhnyaya inta,-28.55,16.4333,62.44,93,1,7.14,,1647907501
yerbogachen,-2.2333,-80.9,77.67,81,70,7.92,EC,1647907501
tura,-12.0432,-77.0282,66.38,34,0,10.36,PE,1647907489
sao pedro do sul,57.0186,82.0711,15.24,93,100,7.92,RU,1647907502
mapimi,47.5702,-59.1367,30.74,95,100,25.72,CA,1647907502
haines junction,-22.9575,14.5053,66.09,86,56,4.29,,1647907503
necochea,-35.1667,173.1667,74.64,66,3,11.34,NZ,1647907503
tazovskiy,5.556,-0.1969,82.29,80,66,9.42,GH,1647907213
tilichiki,20.3333,-90.1833,89.08,37,16,2.17,MX,1647907504
kirkcudbright,39.6295,-79.9559,61.83,31,0,8.05,US,1647907504
albania,58.3019,-134.4197,37.92,94,100,13.8,US,1647907450
wahpeton,42.1959,-70.7259,51.24,34,0,8.05,US,1647907505
qandala,48.9723,140.2878,25.52,63,8,12.39,RU,1647907505
dharmadam,53.5102,142.9671,16.56,74,6,16.44,RU,1647907505
chupa,-37.8333,140.7667,64.02,72,100,4.36,AU,1647907506
rypefjord,25.0213,37.2685,67.91,72,0,8.28,SA,1647907506
wattegama,26.5921,12.7805,52.79,47,0,14.12,LY,1647907507
teahupoo,13.2167,-59.5167,75.81,78,75,21.85,BB,1647907507
ossora,59.7,150.1667,28.02,93,100,4.47,RU,1647907508
seoul,35.1333,140.3,49.39,87,100,3.13,JP,1647907508
rio gallegos,54.8167,54.0,18.07,95,40,9.44,RU,1647907509
kameda,-3.8633,39.4736,71.96,97,11,3.31,KE,1647907509
jacqueville,52.9599,4.7593,43.59,90,100,7.0,NL,1647907509
ludvika,36.0649,69.1334,53.62,55,99,1.59,AF,1647907510
kopong,37.7333,-25.6667,57.92,62,40,12.66,PT,1647907510
lavumisa,61.9875,5.1352,37.87,61,30,5.44,NO,1647907511
simao,56.45,138.1667,18.75,64,3,11.16,RU,1647907511
kupang,-5.2246,145.7966,85.33,64,100,3.24,PG,1647907500
lamu,-33.8667,121.9,62.06,66,100,13.2,AU,1647907512
akbarpur,4.8845,-1.7554,80.51,85,67,6.93,GH,1647907512
fukue,21.4612,-71.1419,77.47,70,0,16.44,TC,1647907219
baykit,-10.6667,-77.8333,69.91,86,61,7.49,PE,1647907513
ambon,40.7934,-77.86,57.38,28,75,9.22,US,1647907395
hongjiang,58.0106,114.2769,19.36,95,100,3.67,RU,1647907513
hambantota,-2.85,33.0833,66.85,89,79,5.23,TZ,1647907514
ciudad bolivar,23.1667,-97.95,74.53,65,32,1.99,MX,1647907514
kichera,32.1167,20.0667,50.79,59,33,10.0,LY,1647907514
oranjemund,-12.7887,45.2699,78.69,94,0,1.14,YT,1647907515
la libertad,35.2397,113.2331,43.27,65,97,5.3,CN,1647907515
lima,38.737,35.4968,21.22,86,40,4.61,TR,1647907516
bakchar,47.1333,26.3667,35.73,74,11,7.38,RO,1647907516
channel-port aux basques,-45.8742,170.5036,59.81,94,100,4.0,NZ,1647907288
walvis bay,-9.4431,147.1797,84.85,67,64,3.94,PG,1647907517
ahipara,60.8156,-115.7999,22.41,90,100,8.84,CA,1647907297
accra,-8.8903,-36.4928,68.92,91,84,8.77,BR,1647907255
nunkini,41.25,31.8333,23.68,95,76,2.93,TR,1647907518
morgantown,-19.8436,34.8389,74.1,85,26,8.77,MZ,1647907518
juneau,59.6289,112.7406,19.36,95,100,4.74,RU,1647907518
scituate,11.2833,-15.8333,75.76,73,7,21.56,GW,1647907519
sovetskaya gavan,36.869,-94.368,49.8,92,100,3.0,US,1647907519
ekhabi,48.2766,-116.5533,41.25,87,100,8.05,US,1647907485
mount gambier,42.6,-84.3833,53.76,54,75,9.22,US,1647907520
umm lajj,55.1271,-1.5086,41.76,84,62,1.14,GB,1647907520
awbari,37.7167,20.8333,34.97,54,4,17.87,GR,1647907521
bathsheba,21.9333,78.1167,72.86,20,3,1.1,IN,1647907521
tabiauea,-15.8324,27.7799,59.68,94,9,5.5,ZM,1647907522
arman,-11.2061,13.8437,79.21,88,100,4.43,AO,1647907522
katsuura,7.9868,117.0645,81.57,79,100,9.91,PH,1647907522
sharan,-0.7193,8.7815,80.96,79,92,10.98,GA,1647907523
mariakani,61.95,159.2333,33.51,88,100,13.56,RU,1647907523
den helder,-1.195,-46.02,75.54,93,100,2.26,BR,1647907523
nahrin,-20.3167,118.5667,86.05,58,91,0.0,AU,1647907524
ponta delgada,43.2686,-7.5406,45.14,100,53,1.9,ES,1647907524
raudeberg,31.7471,54.2088,58.15,31,98,4.54,IR,1647907525
ayan,10.3997,-75.5144,80.22,78,20,21.85,CO,1647907469
madang,4.423,-7.3528,78.55,86,96,3.98,CI,1647907525
esperance,-15.3292,28.682,58.75,93,6,4.43,ZM,1647907526
takoradi,-31.6308,-71.1653,65.77,57,0,3.44,CL,1647907526
cockburn town,-43.5333,172.6333,66.11,92,75,13.8,NZ,1647907527
